0
0
0
0
0
0
5224
14261
26307
38967
52433
66360
79067
92731
105973
119625
133515
147705
161338
175320
188484
201979
215576
228855
242220
256024
269756
283336
296891
310702
323974
337653
351169
364697
378197
392292
405916
419613
432609
446084
459444
472834
486002
498211
508996
521305
533986
545763
558532
570085
582132
594611
605723
619170
630826
643452
656680
669118
680924
693374
700834
710252
721388
731206
741530
752966
758697
758697
758697
758697
758697
758697
758697
758697
758697
758697
758697
758697
758697
758697
758697
758697
758697
758697
758697
758697
758697
758697
758697
758697
758697
758697
758697
758697
758697
758697
758697
758697
758697
758697
758697
758697
758697
758697
