0
0
3283
11998
23856
36843
50386
63858
77316
91823
105633
119164
133021
147394
161926
175422
189315
203182
217194
231193
244622
258313
271998
286189
300434
314295
327704
341742
355521
369524
382944
397088
410890
425057
438900
452344
465856
478909
492510
505251
516580
528460
541031
552975
565455
577812
589710
601625
613704
626567
638879
652278
666074
678657
690591
703794
712685
720840
732192
742567
753478
764190
773127
773127
773127
773127
773127
773127
773127
773127
773127
773127
773127
773127
773127
773127
773127
773127
773127
773127
773127
773127
773127
773127
773127
773127
773127
773127
773127
773127
773127
773127
773127
773127
773127
773127
773127
773127
773127
773127
773127
773127
773127
773127
773127
773127
773127
773127
773127
773127
773127
773127
773127
773127
