0
0
0
936
10590
22273
35765
49765
63941
77995
92706
107230
121065
136053
151037
165877
179763
194066
208617
222960
237514
251354
265950
280040
294721
308993
323263
336767
351071
365066
379460
393962
408292
422616
437076
451267
465363
479862
493815
508036
520836
531913
543709
557363
569235
581395
594304
606688
618620
630729
642957
655433
668633
682515
695590
708002
721251
731423
738956
750014
759850
770531
781105
792248
792248
792248
792248
792248
792248
792248
792248
792248
792248
792248
792248
792248
792248
792248
792248
792248
792248
792248
792248
792248
792248
792248
792248
792248
792248
792248
792248
792248
792248
792248
792248
792248
792248
792248
792248
792248
792248
792248
792248
792248
792248
792248
792248
792248
